1;2250;80;3000;F5U-597;Camioneta;10;
2;1800;70;2500;G2R-834;Automóvil;0;
3;3200;4800;4300;H8S-123;Camión;8;
5;2900;3800;3600;J1K-789;Camioneta;6;
6;2100;3200;2900;L4P-246;Automóvil;4;
7;3500;5200;4800;M7Q-001;Camión;4;
9;2700;3500;3300;P6Z-654;Camioneta;2;
10;1900;2800;2600;R8X-987;Automóvil;1;
11;2400;3500;3300;S9Y-345;Camioneta;3;
12;3100;4500;4200;T3A-789;Camión;2;
13;2000;2900;2700;U2P-123;Automóvil;0;
14;3800;5800;5400;V6R-456;Camión;4;
15;2600;3400;3200;W8Z-789;Camioneta;3;
16;2100;3100;2900;X4Q-001;Automóvil;4;
17;2900;4200;3900;Y7K-654;Camioneta;1;
18;2300;3200;3000;Z9X-987;Automóvil;0;
19;3300;5000;4700;A1B-234;Camión;0;
20;1900;2800;2600;C2D-567;Automóvil;0;
21;2800;4100;3800;E3F-890;Camioneta;0;
22;3400;5000;4700;G4H-123;Camión;0;
23;2100;3100;2900;I5J-456;Automóvil;5;
24;3600;5300;5000;K6L-789;Camioneta;7;
25;2500;3600;3300;M7N-012;Camión;6;
26;2300;3400;3200;O8P-345;Automóvil;4;
27;3000;4500;4200;Q9R-678;Camioneta;3;
28;2200;3300;3100;S0T-901;Camión;2;
29;2600;3900;3600;U1V-234;Automóvil;1;
30;2700;4100;3800;W2X-567;Camioneta;4;
3673;4000;7000;5000;JMM-166;Motocicleta;6;
